flavor1
-0.0842955 -0.0701982 0.0332979 0.288053 
-0.0297573
flavor2
-0.0900975 -0.0301779 0.207661 0.266209 
0.040215
flavor3
-0.133344 0.0263402 0.092202 0.263333 
0.0263292
flavor4
-0.0936547 -0.0743981 0.0523058 0.226823 
0.0622143
flavor5
-0.126623 0.0483097 0.156151 0.230834 
0.102412
flavor6
-0.173817 -0.0383588 0.147104 0.273503 
0.1475
flavor7
-0.0176509 -0.0560981 0.0710776 0.344972 
0.0956744
flavor8
-0.121556 -0.0697948 0.299238 0.205416 
0.0150809
flavor9
-0.0460439 -0.0506089 0.0617733 0.360071 
0.0640445
flavor10
-0.107495 -0.0118375 0.104704 0.23425 
-0.0356902
flavor11
-0.100399 -0.0793481 0.165562 0.363066 
0.064114
flavor12
-0.0946431 -0.058043 0.0754983 0.305291 
0.0323331
flavor13
-0.173706 -0.103802 -0.089649 0.804826 
0.0401526
flavor14
-0.254909 0.0187683 0.18708 0.419047 
0.0854988
flavor15
-0.0810563 0.0569241 0.0493709 0.215964 
-0.029588
